0 0.13828125 0.17421875 0.2484375 0.3484375
0 0.5 0.31640625 0.31875 0.2734375
0 0.78671875 0.38828125 0.3546875 0.3015625
0 0.56171875 0.56875 0.3359375 0.3125
0 0.3828125 0.79296875 0.40625 0.2359375
0 0.1078125 0.83203125 0.215625 0.3359375
0 0.196875 0.4984375 0.371875 0.33125
0 0.92421875 0.66015625 0.1515625 0.2265625
0 0.83515625 0.79140625 0.2578125 0.3546875
0 0.725 0.8671875 0.390625 0.265625
0 0.5265625 0.13671875 0.3125 0.2734375
0 0.73203125 0.11171875 0.2265625 0.2234375
0 0.86953125 0.1453125 0.2609375 0.290625