0 0.53359375 0.303125 0.1171875 0.190625
0 0.59609375 0.1859375 0.1984375 0.09375
0 0.765625 0.12890625 0.1875 0.1578125
0 0.83046875 0.3296875 0.1328125 0.221875
0 0.8140625 0.47890625 0.184375 0.1515625
0 0.8046875 0.609375 0.21875 0.134375
0 0.78046875 0.75 0.1640625 0.171875
0 0.84375 0.83828125 0.125 0.2078125
0 0.46484375 0.73046875 0.2171875 0.1734375
0 0.60546875 0.8515625 0.1421875 0.228125
0 0.66796875 0.31796875 0.1484375 0.1765625
0 0.6859375 0.44375 0.190625 0.1375
0 0.540625 0.50234375 0.128125 0.2140625
0 0.63828125 0.63515625 0.1453125 0.1796875
0 0.425 0.5609375 0.125 0.203125
0 0.42578125 0.35546875 0.1421875 0.2046875
0 0.28515625 0.3671875 0.1953125 0.140625
0 0.134375 0.33828125 0.128125 0.2078125
0 0.228125 0.19140625 0.153125 0.2046875
0 0.3734375 0.128125 0.175 0.15625
0 0.2015625 0.70625 0.175 0.171875
0 0.2203125 0.84375 0.190625 0.125
0 0.375 0.796875 0.140625 0.18125