0 0.76015625 0.51328125 0.2515625 0.3765625
0 0.36953125 0.69765625 0.1796875 0.4484375
0 0.55234375 0.546875 0.2171875 0.278125
0 0.53984375 0.8015625 0.1640625 0.265625
0 0.2625 0.39765625 0.278125 0.2296875
0 0.58984375 0.303125 0.3171875 0.20625
0 0.16171875 0.4984375 0.2171875 0.184375
0 0.24375 0.62734375 0.184375 0.2453125
0 0.73671875 0.72421875 0.2671875 0.2328125
0 0.92109375 0.53359375 0.1328125 0.3046875
0 0.809375 0.36484375 0.153125 0.2140625
0 0.65234375 0.171875 0.1390625 0.175
0 0.48359375 0.23671875 0.1421875 0.2546875
0 0.3265625 0.24765625 0.175 0.1234375