0 0.47890625 0.79921875 0.1015625 0.1765625
0 0.57421875 0.6078125 0.1796875 0.10625
0 0.378125 0.66171875 0.15625 0.1203125
0 0.55234375 0.4609375 0.1984375 0.06875
0 0.71796875 0.28125 0.1328125 0.13125
0 0.5171875 0.315625 0.1375 0.140625
0 0.60546875 0.16953125 0.1703125 0.0890625
0 0.503125 0.15 0.140625 0.121875
0 0.6875 0.09609375 0.1 0.1015625
0 0.321875 0.1671875 0.1375 0.078125
0 0.34375 0.303125 0.15625 0.14375
0 0.375 0.41015625 0.125 0.1328125
0 0.34765625 0.5109375 0.1390625 0.109375
0 0.24375 0.31015625 0.128125 0.0828125
0 0.68984375 0.53359375 0.1203125 0.1203125