0 0.58359375 0.82890625 0.1328125 0.1484375
0 0.73359375 0.8328125 0.1109375 0.146875
0 0.8578125 0.78046875 0.096875 0.1578125
0 0.609375 0.74375 0.125 0.165625
0 0.403125 0.62421875 0.11875 0.1296875
0 0.34140625 0.72890625 0.0796875 0.1765625
0 0.259375 0.83203125 0.140625 0.1109375
0 0.2421875 0.65234375 0.140625 0.1078125
0 0.2578125 0.4953125 0.078125 0.1875
0 0.30546875 0.38984375 0.0640625 0.1421875
0 0.35390625 0.503125 0.1296875 0.10625
0 0.14296875 0.609375 0.0921875 0.178125
0 0.19375 0.73046875 0.13125 0.0828125
0 0.39140625 0.43046875 0.1109375 0.1203125
0 0.42265625 0.74765625 0.0890625 0.1515625