0 0.30703125 0.2734375 0.2078125 0.1
0 0.39453125 0.37890625 0.2421875 0.1015625
0 0.5328125 0.521875 0.26875 0.15625
0 0.37109375 0.6015625 0.3515625 0.13125
0 0.3921875 0.7515625 0.39375 0.128125
0 0.72265625 0.68125 0.2828125 0.121875
0 0.8734375 0.75390625 0.253125 0.1796875
0 0.86171875 0.5296875 0.2140625 0.159375
0 0.71796875 0.40234375 0.2109375 0.1484375
0 0.92578125 0.415625 0.1484375 0.153125
0 0.86796875 0.25546875 0.2640625 0.1328125
0 0.68359375 0.20546875 0.1890625 0.1140625
0 0.51015625 0.31640625 0.1921875 0.1328125
0 0.57734375 0.13515625 0.2734375 0.1046875
0 0.8984375 0.16171875 0.165625 0.1046875
0 0.328125 0.17734375 0.240625 0.0890625
0 0.87734375 0.05625 0.2453125 0.09375