0 0.55234375 0.37890625 0.1578125 0.0578125
0 0.57265625 0.5203125 0.1328125 0.078125
0 0.6140625 0.55 0.190625 0.06875
0 0.55859375 0.628125 0.1046875 0.10625
0 0.459375 0.4765625 0.15625 0.065625
0 0.44453125 0.5203125 0.1421875 0.078125
0 0.43671875 0.58984375 0.1703125 0.0578125
0 0.26796875 0.6453125 0.1640625 0.075
0 0.4171875 0.7203125 0.1875 0.059375
0 0.4828125 0.69609375 0.165625 0.0546875
0 0.63125 0.71796875 0.125 0.0984375
0 0.796875 0.66796875 0.125 0.1015625
0 0.83515625 0.5203125 0.1046875 0.08125
0 0.7703125 0.415625 0.125 0.053125
0 0.21796875 0.45234375 0.1671875 0.0515625
0 0.17734375 0.5453125 0.0984375 0.06875
0 0.20546875 0.6109375 0.1515625 0.059375
0 0.29765625 0.51875 0.1578125 0.059375
0 0.3125 0.55390625 0.15 0.0609375
0 0.384375 0.45 0.178125 0.075
0 0.41171875 0.371875 0.1453125 0.053125
0 0.6859375 0.38515625 0.11875 0.0484375
0 0.58125 0.446875 0.090625 0.06875
0 0.65859375 0.44140625 0.1453125 0.0671875
0 0.68125 0.653125 0.1375 0.09375
0 0.6921875 0.609375 0.125 0.090625
0 0.7 0.51328125 0.140625 0.0765625
0 0.8046875 0.45546875 0.140625 0.0609375
0 0.5109375 0.75625 0.171875 0.04375
0 0.46328125 0.64453125 0.1140625 0.0609375