0 0.671875 0.171875 0.04375 0.0875
0 0.7390625 0.31484375 0.05625 0.0984375
0 0.78359375 0.4703125 0.0421875 0.09375
0 0.69375 0.4625 0.071875 0.075
0 0.7265625 0.596875 0.046875 0.103125
0 0.62890625 0.58671875 0.0671875 0.0703125
0 0.62734375 0.5078125 0.0421875 0.1
0 0.59765625 0.45546875 0.0671875 0.0640625
0 0.57578125 0.521875 0.0546875 0.08125
0 0.57734375 0.590625 0.0671875 0.071875
0 0.6703125 0.7125 0.0625 0.06875
0 0.5375 0.20859375 0.040625 0.1015625
0 0.48671875 0.33046875 0.0796875 0.0640625
0 0.52734375 0.38203125 0.0671875 0.0640625
0 0.3921875 0.3765625 0.0625 0.08125
0 0.45 0.43671875 0.040625 0.0859375
0 0.48984375 0.4484375 0.0671875 0.059375
0 0.48359375 0.51484375 0.0640625 0.0734375
0 0.53203125 0.5140625 0.0390625 0.08125
0 0.79921875 0.80625 0.0578125 0.075
0 0.51015625 0.7109375 0.0453125 0.1
0 0.58984375 0.65 0.0765625 0.05625
0 0.55625 0.4234375 0.06875 0.053125
0 0.6390625 0.3484375 0.071875 0.053125