0 0.63984375 0.43515625 0.1953125 0.2234375
0 0.78515625 0.65078125 0.1734375 0.3015625
0 0.65390625 0.76171875 0.1203125 0.3453125
0 0.91328125 0.7375 0.1171875 0.375
0 0.80234375 0.41171875 0.1609375 0.3171875
0 0.93984375 0.41796875 0.1203125 0.3078125
0 0.7953125 0.13671875 0.1125 0.2734375
0 0.696875 0.17890625 0.1125 0.3046875
0 0.91171875 0.23046875 0.1453125 0.3046875
0 0.75625 0.8828125 0.15625 0.225
0 0.534375 0.70546875 0.125 0.4765625
0 0.42578125 0.76953125 0.0953125 0.3578125
0 0.32890625 0.8796875 0.1265625 0.240625
0 0.1734375 0.74453125 0.190625 0.2890625
0 0.17578125 0.93203125 0.1328125 0.1359375
0 0.1015625 0.37265625 0.1625 0.3171875
0 0.0359375 0.49296875 0.071875 0.3046875
0 0.24609375 0.2921875 0.1328125 0.359375
0 0.3578125 0.2125 0.175 0.278125
0 0.2953125 0.553125 0.121875 0.3875
0 0.42578125 0.425 0.1390625 0.328125
0 0.52890625 0.15234375 0.1921875 0.2265625
0 0.55859375 0.31875 0.1484375 0.3
0 0.2109375 0.10234375 0.159375 0.2046875
0 0.06640625 0.109375 0.1328125 0.21875
0 0.3703125 0.07421875 0.171875 0.1484375
0 0.8359375 0.94921875 0.15 0.1015625