0 0.53984375 0.44375 0.0921875 0.1375
0 0.54765625 0.57578125 0.0796875 0.1390625
0 0.515625 0.68359375 0.1375 0.0796875
0 0.56953125 0.75234375 0.1140625 0.1203125
0 0.68671875 0.69921875 0.1328125 0.1171875
0 0.6328125 0.5453125 0.1 0.11875
0 0.62734375 0.646875 0.1453125 0.090625
0 0.4078125 0.6171875 0.1 0.128125
0 0.48203125 0.5546875 0.0734375 0.15
0 0.43828125 0.4734375 0.1171875 0.128125
0 0.57265625 0.32734375 0.1484375 0.0859375
0 0.703125 0.4 0.146875 0.1125
0 0.7453125 0.4984375 0.1375 0.0875
0 0.72109375 0.58671875 0.1390625 0.0859375
0 0.6140625 0.4296875 0.1125 0.1375
0 0.48515625 0.37890625 0.1390625 0.0828125
0 0.434375 0.3046875 0.121875 0.084375
0 0.35234375 0.346875 0.1328125 0.075
0 0.29375 0.43125 0.0875 0.14375
0 0.3671875 0.43671875 0.115625 0.1234375
0 0.3109375 0.53203125 0.140625 0.0734375
0 0.29140625 0.66484375 0.1078125 0.1609375
0 0.44296875 0.76328125 0.1328125 0.0671875
0 0.39453125 0.7140625 0.1234375 0.06875