0 0.703125 0.3265625 0.125 0.234375
0 0.61953125 0.4796875 0.1296875 0.203125
0 0.50390625 0.57578125 0.1703125 0.1765625
0 0.453125 0.7421875 0.18125 0.1875
0 0.26953125 0.6875 0.1078125 0.209375
0 0.33203125 0.59609375 0.1640625 0.1765625
0 0.31875 0.4515625 0.175 0.140625
0 0.34375 0.31796875 0.178125 0.1671875
0 0.484375 0.36484375 0.13125 0.2609375
0 0.5796875 0.2171875 0.175 0.16875
0 0.503125 0.0671875 0.184375 0.134375
0 0.396875 0.16640625 0.184375 0.1640625
0 0.259375 0.1078125 0.159375 0.15625
0 0.11171875 0.5796875 0.1671875 0.190625
0 0.11640625 0.0828125 0.1609375 0.165625
0 0.51171875 0.91640625 0.1046875 0.1671875
0 0.26171875 0.890625 0.1078125 0.209375
0 0.05078125 0.803125 0.1015625 0.253125
0 0.146875 0.79140625 0.1375 0.2453125
0 0.33828125 0.790625 0.0890625 0.221875
0 0.13046875 0.9375 0.1609375 0.125