0 0.6140625 0.24765625 0.1 0.2328125
0 0.47890625 0.30546875 0.1890625 0.0953125
0 0.48359375 0.4578125 0.0984375 0.2125
0 0.57578125 0.44765625 0.1046875 0.1984375
0 0.73984375 0.475 0.1015625 0.15
0 0.66875 0.67109375 0.15625 0.1609375
0 0.41640625 0.72265625 0.1421875 0.1078125
0 0.2890625 0.55234375 0.1375 0.1578125
0 0.33359375 0.2171875 0.1078125 0.225
0 0.39140625 0.38359375 0.0984375 0.1984375
0 0.44140625 0.1984375 0.1203125 0.128125
0 0.684375 0.3390625 0.09375 0.23125
0 0.5578125 0.67109375 0.0625 0.2203125
0 0.47578125 0.6296875 0.0921875 0.209375
0 0.31015625 0.3734375 0.0984375 0.084375
0 0.375 0.625 0.096875 0.096875
0 0.6046875 0.52890625 0.084375 0.2046875
0 0.39296875 0.52734375 0.1046875 0.1140625
0 0.23203125 0.375 0.0796875 0.178125
0 0.68828125 0.528125 0.0859375 0.125