0 0.728125 0.49765625 0.1375 0.0890625
0 0.61796875 0.46953125 0.1171875 0.1421875
0 0.3203125 0.56171875 0.171875 0.0890625
0 0.30859375 0.684375 0.1921875 0.125
0 0.35859375 0.31484375 0.0984375 0.1234375
0 0.4171875 0.43203125 0.14375 0.1109375
0 0.503125 0.46171875 0.1125 0.1359375
0 0.5625 0.39609375 0.1125 0.1140625
0 0.61640625 0.3375 0.1796875 0.096875
0 0.503125 0.28515625 0.10625 0.1140625
0 0.43359375 0.36171875 0.1671875 0.0734375
0 0.559375 0.2375 0.159375 0.059375
0 0.72890625 0.396875 0.0984375 0.10625
0 0.4328125 0.2671875 0.06875 0.10625