0 0.74453125 0.5296875 0.0609375 0.053125
0 0.596875 0.565625 0.075 0.04375
0 0.58984375 0.72890625 0.0734375 0.0546875
0 0.5796875 0.61875 0.059375 0.0625
0 0.534375 0.63515625 0.05625 0.0515625
0 0.49140625 0.65234375 0.0421875 0.0515625
0 0.42578125 0.63203125 0.0796875 0.0453125
0 0.4015625 0.66640625 0.065625 0.0609375
0 0.31015625 0.62578125 0.0671875 0.0390625
0 0.33515625 0.5421875 0.0734375 0.053125
0 0.3953125 0.54921875 0.04375 0.0515625
0 0.37265625 0.496875 0.0671875 0.046875
0 0.3953125 0.4671875 0.090625 0.040625
0 0.4328125 0.5109375 0.046875 0.053125
0 0.4828125 0.515625 0.05625 0.0625
0 0.55546875 0.5390625 0.0859375 0.034375
0 0.5234375 0.571875 0.078125 0.05
0 0.4921875 0.5953125 0.071875 0.04375
0 0.47421875 0.4453125 0.0859375 0.04375
0 0.4984375 0.48203125 0.0875 0.0421875
0 0.571875 0.4796875 0.053125 0.0625
0 0.57109375 0.41328125 0.0828125 0.0578125