0 0.5734375 0.528125 0.08125 0.053125
0 0.57109375 0.6078125 0.0609375 0.08125
0 0.56640625 0.74453125 0.0578125 0.0703125
0 0.43359375 0.575 0.0859375 0.05
0 0.52421875 0.37265625 0.0609375 0.0828125
0 0.7546875 0.5609375 0.103125 0.0625
0 0.74140625 0.609375 0.0859375 0.05
0 0.76875 0.67734375 0.053125 0.0703125
0 0.8046875 0.7046875 0.059375 0.08125
0 0.81328125 0.78046875 0.0890625 0.0484375
0 0.8046875 0.5203125 0.08125 0.05
0 0.91484375 0.50703125 0.0890625 0.0578125
0 0.946875 0.5703125 0.059375 0.075
0 0.96796875 0.6171875 0.0640625 0.0625
0 0.9125 0.6609375 0.090625 0.05
0 0.8984375 0.7203125 0.096875 0.0625
0 0.93203125 0.77578125 0.0828125 0.0484375
0 0.97421875 0.72265625 0.0515625 0.0703125
0 0.8546875 0.60078125 0.071875 0.0765625