0 0.28359375 0.746875 0.1296875 0.090625
0 0.39140625 0.6359375 0.1109375 0.075
0 0.43671875 0.690625 0.0765625 0.1
0 0.5 0.66796875 0.11875 0.0890625
0 0.515625 0.75625 0.115625 0.09375
0 0.63828125 0.76953125 0.0921875 0.0953125
0 0.38984375 0.5390625 0.1078125 0.071875
0 0.45703125 0.54375 0.0671875 0.071875
0 0.48671875 0.58125 0.0921875 0.071875
0 0.5109375 0.49296875 0.06875 0.1078125
0 0.4234375 0.47265625 0.109375 0.0578125
0 0.35234375 0.81875 0.1109375 0.090625
0 0.38828125 0.590625 0.0984375 0.053125