0 0.58125 0.2875 0.15625 0.109375
0 0.753125 0.396875 0.0875 0.1875
0 0.8421875 0.7734375 0.090625 0.1875
0 0.7046875 0.74296875 0.121875 0.1734375
0 0.55859375 0.771875 0.0984375 0.215625
0 0.446875 0.71796875 0.096875 0.1921875
0 0.36171875 0.72578125 0.0828125 0.1953125
0 0.26484375 0.759375 0.1296875 0.175
0 0.21015625 0.6125 0.0984375 0.1875
0 0.178125 0.44140625 0.1 0.2140625
0 0.28359375 0.3671875 0.1109375 0.175
0 0.2953125 0.1953125 0.128125 0.190625
0 0.39296875 0.23671875 0.1328125 0.1359375
0 0.39453125 0.378125 0.0953125 0.20625
0 0.69296875 0.46328125 0.0671875 0.1890625
0 0.628125 0.446875 0.06875 0.2
0 0.55703125 0.45546875 0.0765625 0.1890625
0 0.4390625 0.5625 0.11875 0.14375
0 0.31640625 0.62890625 0.1359375 0.1703125
0 0.53515625 0.5890625 0.0859375 0.18125
0 0.61875 0.58984375 0.09375 0.1453125
0 0.28359375 0.5171875 0.0734375 0.159375