0 0.88828125 0.41640625 0.1765625 0.1296875
0 0.80703125 0.73828125 0.1765625 0.1234375
0 0.66328125 0.509375 0.1015625 0.2
0 0.76953125 0.4859375 0.1171875 0.16875
0 0.6546875 0.32265625 0.140625 0.1765625
0 0.578125 0.12109375 0.13125 0.1953125
0 0.375 0.1640625 0.15 0.1625
0 0.4328125 0.38984375 0.125 0.1640625
0 0.46640625 0.259375 0.1921875 0.10625
0 0.55078125 0.37734375 0.1109375 0.1828125
0 0.27578125 0.39453125 0.1921875 0.1390625
0 0.16015625 0.59375 0.1265625 0.196875
0 0.1734375 0.828125 0.128125 0.203125
0 0.25390625 0.72109375 0.1421875 0.1984375
0 0.1125 0.44921875 0.171875 0.1578125
0 0.4046875 0.86328125 0.1875 0.1421875
0 0.63671875 0.8890625 0.1171875 0.16875
0 0.671875 0.69921875 0.134375 0.1703125
0 0.4234375 0.6953125 0.10625 0.13125
0 0.43125 0.5796875 0.184375 0.10625
0 0.56953125 0.515625 0.1640625 0.15
0 0.4921875 0.80078125 0.1625 0.0953125
0 0.384375 0.50703125 0.2 0.1015625
0 0.52890625 0.6859375 0.0984375 0.171875