0 0.2046875 0.21484375 0.16875 0.2796875
0 0.434375 0.12578125 0.15625 0.2515625
0 0.66953125 0.15078125 0.1703125 0.3015625
0 0.865625 0.19140625 0.159375 0.3140625
0 0.934375 0.53671875 0.13125 0.3359375
0 0.72421875 0.56875 0.1453125 0.29375
0 0.53671875 0.50234375 0.1671875 0.2921875
0 0.30859375 0.47109375 0.1484375 0.2890625
0 0.084375 0.625 0.15625 0.28125
0 0.04140625 0.29609375 0.0828125 0.2609375
0 0.1390625 0.8890625 0.16875 0.221875
0 0.3359375 0.78828125 0.165625 0.3203125
0 0.53125 0.85546875 0.11875 0.2515625
0 0.734375 0.8875 0.140625 0.225
0 0.95546875 0.875 0.0890625 0.2375