0 0.53828125 0.55625 0.1796875 0.153125
0 0.52734375 0.7109375 0.2359375 0.13125
0 0.53515625 0.88046875 0.1796875 0.2234375
0 0.23046875 0.5234375 0.2046875 0.109375
0 0.75703125 0.603125 0.1796875 0.090625
0 0.69921875 0.70234375 0.1265625 0.1640625
0 0.78828125 0.4203125 0.1328125 0.140625
0 0.51796875 0.45703125 0.2234375 0.1328125
0 0.67734375 0.8265625 0.1671875 0.1125
0 0.69921875 0.3671875 0.1953125 0.0875
0 0.29609375 0.4078125 0.1328125 0.14375
0 0.24453125 0.62734375 0.1953125 0.1203125
0 0.27734375 0.753125 0.1171875 0.109375
0 0.54921875 0.35 0.1671875 0.09375