0 0.46640625 0.646875 0.1671875 0.16875
0 0.6796875 0.65859375 0.240625 0.1046875
0 0.328125 0.5625 0.134375 0.171875
0 0.625 0.5609375 0.140625 0.09375
0 0.759375 0.48671875 0.16875 0.1203125
0 0.51796875 0.44375 0.2109375 0.09375
0 0.22265625 0.52109375 0.1640625 0.1359375
0 0.1828125 0.44921875 0.203125 0.0953125
0 0.37109375 0.3421875 0.2015625 0.08125
0 0.29921875 0.29453125 0.2078125 0.0671875
0 0.4984375 0.29296875 0.175 0.0640625
0 0.4671875 0.54296875 0.190625 0.1390625
0 0.803125 0.5890625 0.221875 0.140625
0 0.8625 0.4703125 0.15625 0.090625
0 0.77109375 0.38671875 0.1359375 0.0796875
0 0.63125 0.35703125 0.1875 0.0828125
0 0.13671875 0.3671875 0.1578125 0.071875