0 0.70625 0.1640625 0.296875 0.3125
0 0.86796875 0.30625 0.2640625 0.28125
0 0.55078125 0.39375 0.2953125 0.25
0 0.32421875 0.52734375 0.2046875 0.5078125
0 0.13671875 0.16796875 0.2265625 0.3359375
0 0.12890625 0.4984375 0.2265625 0.409375
0 0.4765625 0.84609375 0.328125 0.3078125
0 0.828125 0.86328125 0.25625 0.2734375
0 0.803125 0.55390625 0.203125 0.3984375
0 0.934375 0.81640625 0.13125 0.3671875
0 0.95546875 0.54296875 0.0890625 0.2390625
0 0.40859375 0.15625 0.3203125 0.3125
0 0.5609375 0.603125 0.246875 0.190625
0 0.1578125 0.9109375 0.240625 0.178125
0 0.07265625 0.66953125 0.1453125 0.3671875
0 0.23671875 0.796875 0.1609375 0.19375