0 0.5390625 0.4421875 0.090625 0.134375
0 0.54765625 0.575 0.0765625 0.134375
0 0.48125 0.5578125 0.071875 0.159375
0 0.41171875 0.61875 0.1015625 0.128125
0 0.434375 0.3078125 0.140625 0.090625
0 0.35390625 0.34921875 0.1421875 0.0765625
0 0.29296875 0.42890625 0.0890625 0.1421875
0 0.37421875 0.44140625 0.1234375 0.1171875
0 0.3125 0.53359375 0.134375 0.0828125
0 0.290625 0.66640625 0.109375 0.1609375
0 0.45078125 0.7578125 0.1421875 0.075
0 0.5734375 0.7546875 0.11875 0.125
0 0.51328125 0.684375 0.1296875 0.0875
0 0.68828125 0.7015625 0.1296875 0.121875
0 0.6265625 0.64453125 0.15 0.0953125
0 0.63203125 0.54375 0.1046875 0.121875
0 0.74296875 0.5 0.1453125 0.090625
0 0.72265625 0.58828125 0.1390625 0.0828125
0 0.61796875 0.42890625 0.1046875 0.1390625
0 0.7078125 0.4015625 0.1375 0.11875
0 0.57265625 0.328125 0.1546875 0.084375
0 0.48984375 0.375 0.1453125 0.090625
0 0.4375 0.47578125 0.1125 0.1453125
0 0.390625 0.71484375 0.13125 0.0671875