0 0.553125 0.36328125 0.234375 0.3109375
0 0.30625 0.1328125 0.2 0.265625
0 0.88046875 0.09609375 0.1890625 0.1921875
0 0.784375 0.4375 0.265625 0.271875
0 0.846875 0.67890625 0.234375 0.2421875
0 0.59140625 0.68515625 0.2140625 0.2703125
0 0.409375 0.5765625 0.265625 0.28125
0 0.1625 0.65859375 0.23125 0.2765625
0 0.2359375 0.4375 0.1375 0.303125
0 0.09375 0.41328125 0.1875 0.2734375
0 0.0453125 0.109375 0.090625 0.21875
0 0.1109375 0.21640625 0.215625 0.1921875
0 0.74609375 0.15234375 0.1796875 0.2484375
0 0.51171875 0.09765625 0.2203125 0.1953125
0 0.91796875 0.29921875 0.1640625 0.2453125
0 0.93828125 0.54765625 0.1234375 0.2515625
0 0.3359375 0.80390625 0.203125 0.2421875
0 0.37734375 0.3203125 0.1609375 0.2875
0 0.175 0.06484375 0.184375 0.1296875
0 0.61953125 0.19921875 0.1328125 0.2796875
0 0.73046875 0.81171875 0.1703125 0.1953125
0 0.6 0.9375 0.221875 0.125
0 0.1375 0.87578125 0.1875 0.2484375
0 0.3859375 0.959375 0.215625 0.08125
0 0.8390625 0.90703125 0.175 0.1859375