0 0.38515625 0.50546875 0.1171875 0.2765625
0 0.29140625 0.21875 0.1609375 0.146875
0 0.66953125 0.6171875 0.1671875 0.1625
0 0.91171875 0.89453125 0.1140625 0.2046875
0 0.06875 0.0859375 0.1375 0.171875
0 0.45859375 0.4359375 0.1609375 0.175
0 0.640625 0.4765625 0.115625 0.165625
0 0.5375 0.23671875 0.171875 0.1671875
0 0.49765625 0.384375 0.1609375 0.153125
0 0.3109375 0.3421875 0.190625 0.153125
0 0.03203125 0.6328125 0.0640625 0.234375
0 0.54921875 0.64296875 0.0984375 0.1796875
0 0.27890625 0.50625 0.1203125 0.16875
0 0.04140625 0.36015625 0.0828125 0.1484375