0 0.56015625 0.11953125 0.2765625 0.1828125
0 0.73046875 0.33828125 0.2953125 0.1765625
0 0.61640625 0.49140625 0.3046875 0.1796875
0 0.7734375 0.61953125 0.259375 0.2265625
0 0.68984375 0.84609375 0.2859375 0.1796875
0 0.39453125 0.640625 0.1859375 0.2875
0 0.23984375 0.58828125 0.2140625 0.2390625
0 0.18984375 0.73046875 0.2421875 0.1953125
0 0.36640625 0.85390625 0.1640625 0.2265625
0 0.08828125 0.48828125 0.1671875 0.3046875
0 0.234375 0.20078125 0.240625 0.2546875
0 0.36953125 0.32265625 0.1640625 0.2765625
0 0.45625 0.2109375 0.21875 0.196875
0 0.1703125 0.41015625 0.14375 0.2671875
0 0.765625 0.2578125 0.30625 0.18125
0 0.83828125 0.4484375 0.1953125 0.109375
0 0.6015625 0.66328125 0.15 0.1796875
0 0.49921875 0.71875 0.1171875 0.2125
0 0.80859375 0.68984375 0.2890625 0.1984375