0 0.446875 0.24765625 0.05625 0.0984375
0 0.5015625 0.2578125 0.059375 0.1
0 0.56328125 0.28515625 0.0734375 0.1296875
0 0.63046875 0.3765625 0.0921875 0.090625
0 0.55625 0.3734375 0.05625 0.10625
0 0.53515625 0.45859375 0.1109375 0.0765625
0 0.6109375 0.5359375 0.08125 0.11875
0 0.6734375 0.5578125 0.1 0.103125
0 0.434375 0.31796875 0.08125 0.1109375
0 0.371875 0.290625 0.103125 0.08125
0 0.30859375 0.41484375 0.0984375 0.1359375
0 0.3703125 0.41171875 0.078125 0.1265625
0 0.3609375 0.51640625 0.075 0.0921875
0 0.39375 0.62109375 0.078125 0.1328125
0 0.52109375 0.60390625 0.1109375 0.0921875
0 0.4640625 0.64765625 0.06875 0.0953125
0 0.51640625 0.7109375 0.0734375 0.125
0 0.584375 0.6796875 0.08125 0.13125
0 0.52421875 0.81953125 0.1109375 0.0984375
0 0.49296875 0.3796875 0.0671875 0.1375
0 0.41171875 0.36953125 0.0921875 0.1046875
0 0.434375 0.45390625 0.075 0.1015625
0 0.45234375 0.49140625 0.0796875 0.0859375
0 0.42421875 0.565625 0.0953125 0.078125
0 0.546875 0.51328125 0.084375 0.0984375
0 0.62265625 0.47265625 0.0796875 0.1265625