0 0.82109375 0.634375 0.1359375 0.109375
0 0.68984375 0.7 0.1515625 0.10625
0 0.60234375 0.74375 0.1203125 0.175
0 0.684375 0.61171875 0.13125 0.0796875
0 0.68125 0.503125 0.1 0.171875
0 0.7421875 0.465625 0.09375 0.178125
0 0.58203125 0.3359375 0.1015625 0.16875
0 0.596875 0.48828125 0.090625 0.1984375
0 0.5 0.4515625 0.115625 0.128125
0 0.56328125 0.5484375 0.0984375 0.203125
0 0.48359375 0.6125 0.0828125 0.19375
0 0.45859375 0.74296875 0.1453125 0.1109375
0 0.34140625 0.625 0.0828125 0.209375
0 0.40703125 0.5828125 0.0765625 0.209375
0 0.30625 0.41484375 0.08125 0.1828125
0 0.3921875 0.2875 0.146875 0.109375
0 0.35703125 0.38203125 0.0453125 0.1140625
0 0.4203125 0.43203125 0.08125 0.1828125