0 0.4046875 0.48515625 0.125 0.0828125
0 0.296875 0.5609375 0.1125 0.153125
0 0.21171875 0.521875 0.1046875 0.115625
0 0.12734375 0.51640625 0.1296875 0.0765625
0 0.13125 0.4546875 0.178125 0.08125
0 0.39375 0.58984375 0.125 0.1078125
0 0.5140625 0.58203125 0.125 0.0890625
0 0.478125 0.51953125 0.11875 0.1046875
0 0.6625 0.60546875 0.184375 0.0765625
0 0.64609375 0.528125 0.1828125 0.075
0 0.83203125 0.56640625 0.1640625 0.0703125
0 0.7484375 0.41875 0.11875 0.075
0 0.86875 0.43515625 0.125 0.0703125
0 0.8875 0.50078125 0.1625 0.0671875
0 0.5875 0.43984375 0.1875 0.0546875
0 0.32421875 0.434375 0.2046875 0.053125
0 0.6921875 0.47734375 0.134375 0.0515625
0 0.60234375 0.38984375 0.1984375 0.0484375
0 0.7640625 0.5171875 0.0875 0.065625
0 0.81484375 0.46328125 0.1109375 0.0609375