0 0.78359375 0.196875 0.1453125 0.14375
0 0.76953125 0.4828125 0.1546875 0.121875
0 0.63203125 0.6234375 0.1484375 0.125
0 0.740625 0.7828125 0.109375 0.175
0 0.9203125 0.6265625 0.15625 0.096875
0 0.87890625 0.740625 0.1640625 0.15625
0 0.93359375 0.4046875 0.1328125 0.096875
0 0.3375 0.37109375 0.121875 0.1703125
0 0.14375 0.41953125 0.15625 0.1296875
0 0.209375 0.2875 0.16875 0.121875
0 0.54453125 0.21875 0.1609375 0.115625
0 0.45546875 0.33203125 0.1359375 0.1578125
0 0.60546875 0.4171875 0.1171875 0.171875
0 0.33046875 0.70859375 0.1203125 0.1609375
0 0.553125 0.85 0.16875 0.096875
0 0.821875 0.92421875 0.190625 0.1015625
0 0.40625 0.1171875 0.171875 0.1
0 0.490625 0.4515625 0.16875 0.09375
0 0.41171875 0.228125 0.1203125 0.1375
0 0.21875 0.18203125 0.11875 0.0984375
0 0.38671875 0.55234375 0.1796875 0.0671875