0 0.63046875 0.325 0.1203125 0.09375
0 0.71875 0.38046875 0.115625 0.1109375
0 0.84296875 0.57265625 0.0640625 0.1359375
0 0.7203125 0.64140625 0.090625 0.1328125
0 0.659375 0.57109375 0.075 0.1390625
0 0.56953125 0.55390625 0.1203125 0.0796875
0 0.5359375 0.4609375 0.1125 0.121875
0 0.45234375 0.4515625 0.0953125 0.140625
0 0.47109375 0.571875 0.1015625 0.14375
0 0.43046875 0.7 0.1328125 0.096875
0 0.31875 0.74921875 0.121875 0.0890625
0 0.31015625 0.503125 0.0984375 0.140625
0 0.2125 0.5890625 0.065625 0.134375
0 0.18671875 0.36328125 0.1265625 0.0828125
0 0.3234375 0.21875 0.125 0.09375
0 0.421875 0.25 0.06875 0.159375
0 0.384375 0.3890625 0.109375 0.1125
0 0.515625 0.33203125 0.1375 0.0921875
0 0.39296875 0.496875 0.0703125 0.15625
0 0.32734375 0.621875 0.0734375 0.140625
0 0.5234375 0.6953125 0.0875 0.140625
0 0.54296875 0.80625 0.0734375 0.159375
0 0.61171875 0.8109375 0.0765625 0.1625