0 0.609375 0.1703125 0.165625 0.09375
0 0.7171875 0.28359375 0.1375 0.1140625
0 0.51953125 0.31640625 0.1421875 0.1390625
0 0.54921875 0.4671875 0.1953125 0.075
0 0.6890625 0.54140625 0.121875 0.1171875
0 0.57421875 0.615625 0.1859375 0.109375
0 0.47890625 0.8046875 0.1015625 0.18125
0 0.37890625 0.67421875 0.1546875 0.1328125
0 0.34375 0.51484375 0.146875 0.1171875
0 0.375 0.4140625 0.11875 0.13125
0 0.346875 0.31484375 0.15625 0.1453125
0 0.240625 0.31875 0.121875 0.090625
0 0.32734375 0.165625 0.1484375 0.08125
0 0.5015625 0.15078125 0.128125 0.1171875
0 0.68984375 0.1 0.1015625 0.109375