0 0.53203125 0.21328125 0.1046875 0.1109375
0 0.5640625 0.3 0.1375 0.0625
0 0.56015625 0.39765625 0.1234375 0.1078125
0 0.59765625 0.44609375 0.1140625 0.0859375
0 0.453125 0.375 0.090625 0.13125
0 0.4515625 0.5 0.115625 0.103125
0 0.5109375 0.553125 0.121875 0.08125
0 0.375 0.575 0.090625 0.1
0 0.390625 0.715625 0.13125 0.103125
0 0.35625 0.8046875 0.13125 0.0625
0 0.23515625 0.7625 0.1265625 0.059375
0 0.2734375 0.68671875 0.1125 0.0734375
0 0.51640625 0.81484375 0.1203125 0.0703125
0 0.6875 0.79609375 0.14375 0.0609375
0 0.6109375 0.7234375 0.1625 0.065625
0 0.48671875 0.63125 0.0953125 0.1
0 0.68125 0.62109375 0.10625 0.0953125
0 0.640625 0.528125 0.13125 0.053125
0 0.81015625 0.74765625 0.0921875 0.0640625
0 0.79453125 0.68359375 0.0921875 0.0578125
0 0.59296875 0.58203125 0.0796875 0.0890625
0 0.4828125 0.7453125 0.1 0.059375
0 0.571875 0.65859375 0.065625 0.0765625
0 0.740625 0.70703125 0.128125 0.0640625
0 0.63671875 0.64296875 0.0890625 0.0953125
0 0.5953125 0.78984375 0.10625 0.0609375
0 0.48984375 0.69375 0.1140625 0.040625
0 0.715625 0.759375 0.140625 0.0625
0 0.5453125 0.5046875 0.09375 0.071875