0 0.70625 0.52734375 0.075 0.0546875
0 0.74140625 0.584375 0.0515625 0.071875
0 0.77265625 0.6265625 0.0671875 0.059375
0 0.71015625 0.725 0.0890625 0.053125
0 0.7171875 0.67109375 0.08125 0.0453125
0 0.790625 0.71875 0.06875 0.075
0 0.74609375 0.771875 0.0734375 0.04375
0 0.63828125 0.7890625 0.0796875 0.046875
0 0.5890625 0.6953125 0.05 0.06875
0 0.621875 0.7171875 0.05 0.075
0 0.65859375 0.6203125 0.0640625 0.078125
0 0.609375 0.55078125 0.078125 0.0484375
0 0.5546875 0.6359375 0.08125 0.04375
0 0.5640625 0.5890625 0.090625 0.046875
0 0.34453125 0.43828125 0.0515625 0.0734375
0 0.40078125 0.57265625 0.0703125 0.0484375
0 0.409375 0.6453125 0.05625 0.071875
0 0.4140625 0.7734375 0.05 0.065625
0 0.27890625 0.628125 0.0765625 0.046875