0 0.57421875 0.57578125 0.2328125 0.2296875
0 0.75 0.771875 0.24375 0.2375
0 0.484375 0.828125 0.240625 0.240625
0 0.3046875 0.7734375 0.303125 0.18125
0 0.15625 0.62265625 0.2875 0.1609375
0 0.32421875 0.5625 0.2046875 0.203125
0 0.17890625 0.40859375 0.1640625 0.1953125
0 0.40078125 0.42734375 0.2453125 0.1765625
0 0.8765625 0.33203125 0.23125 0.1546875
0 0.7578125 0.23671875 0.25625 0.1296875
0 0.503125 0.275 0.15625 0.221875
0 0.26953125 0.27734375 0.2421875 0.1265625
0 0.078125 0.29453125 0.134375 0.1828125