0 0.51015625 0.45703125 0.0765625 0.1390625
0 0.56640625 0.5359375 0.0703125 0.1125
0 0.50234375 0.5671875 0.1234375 0.0875
0 0.5578125 0.64140625 0.1125 0.0734375
0 0.5890625 0.72109375 0.08125 0.1234375
0 0.6515625 0.625 0.08125 0.109375
0 0.67578125 0.7015625 0.0890625 0.075
0 0.74609375 0.5703125 0.0953125 0.1125
0 0.684375 0.49375 0.071875 0.11875
0 0.63125 0.48671875 0.08125 0.1203125
0 0.64453125 0.39140625 0.1109375 0.0828125
0 0.72109375 0.39140625 0.1046875 0.0953125
0 0.74609375 0.46640625 0.0703125 0.1078125
0 0.596875 0.3234375 0.1125 0.078125
0 0.45625 0.29765625 0.146875 0.0828125
0 0.534375 0.365625 0.11875 0.084375
0 0.35546875 0.390625 0.0984375 0.078125
0 0.3484375 0.46953125 0.115625 0.0796875
0 0.25859375 0.55703125 0.1265625 0.0765625
0 0.3359375 0.62890625 0.06875 0.1140625
0 0.39140625 0.66953125 0.1046875 0.0953125
0 0.40546875 0.76875 0.1203125 0.05
0 0.50859375 0.759375 0.1015625 0.0875
0 0.4625 0.665625 0.06875 0.08125
0 0.43046875 0.72109375 0.0765625 0.0765625
0 0.45078125 0.47578125 0.0953125 0.1109375
0 0.3703125 0.5375 0.1125 0.071875
0 0.4234375 0.59296875 0.128125 0.0703125
0 0.56796875 0.24140625 0.1390625 0.0890625
0 0.64765625 0.29296875 0.0703125 0.0984375
0 0.36953125 0.25625 0.0953125 0.065625
0 0.353125 0.31875 0.1 0.065625
0 0.29609375 0.3515625 0.1296875 0.08125
0 0.26171875 0.4109375 0.1015625 0.05625
0 0.26796875 0.4703125 0.0921875 0.090625
0 0.42421875 0.384375 0.0609375 0.1
0 0.46015625 0.23046875 0.0859375 0.0703125
0 0.71796875 0.6359375 0.1109375 0.05625
0 0.265625 0.625 0.090625 0.059375