0 0.44921875 0.29453125 0.1546875 0.2234375
0 0.37890625 0.48046875 0.2359375 0.1484375
0 0.59609375 0.60703125 0.1359375 0.2390625
0 0.725 0.65234375 0.140625 0.2328125
0 0.86484375 0.615625 0.1671875 0.2375
0 0.75546875 0.3734375 0.1765625 0.221875
0 0.5796875 0.34609375 0.184375 0.1515625
0 0.3421875 0.353125 0.190625 0.184375
0 0.38515625 0.18203125 0.1796875 0.1921875
0 0.14609375 0.49609375 0.1515625 0.2421875
0 0.16171875 0.74453125 0.1984375 0.2265625
0 0.4640625 0.8578125 0.25 0.15625
0 0.3734375 0.7171875 0.25 0.16875
0 0.2875 0.6203125 0.234375 0.140625
0 0.56875 0.4828125 0.1875 0.15625
0 0.5703125 0.7265625 0.19375 0.21875