0 0.29453125 0.24375 0.1203125 0.128125
0 0.39453125 0.4859375 0.1171875 0.159375
0 0.35390625 0.759375 0.1359375 0.16875
0 0.5765625 0.846875 0.1875 0.140625
0 0.76015625 0.734375 0.1359375 0.15625
0 0.9515625 0.65625 0.096875 0.1125
0 0.6953125 0.509375 0.203125 0.1375
0 0.7640625 0.61328125 0.16875 0.0859375
0 0.61484375 0.64453125 0.1296875 0.1890625
0 0.48984375 0.65 0.1296875 0.128125
0 0.33125 0.59609375 0.21875 0.1046875
0 0.190625 0.53671875 0.140625 0.1453125
0 0.0515625 0.328125 0.103125 0.109375
0 0.30625 0.36953125 0.159375 0.1171875
0 0.290625 0.471875 0.121875 0.109375
0 0.6359375 0.32265625 0.203125 0.0890625
0 0.79296875 0.33046875 0.1390625 0.1328125
0 0.92265625 0.33671875 0.1546875 0.1109375
0 0.91015625 0.43515625 0.1796875 0.1203125
0 0.540625 0.40859375 0.1125 0.1140625
0 0.90703125 0.52265625 0.1859375 0.1203125
0 0.50234375 0.52890625 0.1359375 0.1828125
0 0.459375 0.31875 0.16875 0.08125
0 0.76328125 0.4140625 0.1296875 0.140625