0 0.4546875 0.2921875 0.153125 0.21875
0 0.3734375 0.4859375 0.23125 0.159375
0 0.59375 0.60546875 0.15625 0.2359375
0 0.2890625 0.63046875 0.228125 0.1515625
0 0.365625 0.70859375 0.253125 0.1515625
0 0.45703125 0.86171875 0.2578125 0.1515625
0 0.57421875 0.7265625 0.1796875 0.225
0 0.86328125 0.61171875 0.1640625 0.2390625
0 0.75625 0.37734375 0.175 0.2265625
0 0.72109375 0.65078125 0.1296875 0.2421875
0 0.1578125 0.74375 0.184375 0.221875
0 0.38671875 0.18203125 0.1640625 0.1921875
0 0.34375 0.36484375 0.178125 0.2078125
0 0.1390625 0.490625 0.159375 0.2375
0 0.58046875 0.34765625 0.1828125 0.1546875
0 0.565625 0.48359375 0.203125 0.1640625