0 0.28515625 0.22109375 0.3109375 0.1921875
0 0.15625 0.375 0.275 0.228125
0 0.0921875 0.57890625 0.184375 0.2953125
0 0.30078125 0.803125 0.2203125 0.253125
0 0.26171875 0.59765625 0.2515625 0.2203125
0 0.4703125 0.64453125 0.253125 0.2515625
0 0.66796875 0.753125 0.1859375 0.328125
0 0.68203125 0.41328125 0.1828125 0.3046875
0 0.45546875 0.46875 0.3234375 0.125
0 0.79296875 0.5609375 0.1640625 0.284375
0 0.69765625 0.2421875 0.2265625 0.265625
0 0.88359375 0.4 0.2328125 0.25625
0 0.4765625 0.15625 0.24375 0.25
0 0.44375 0.3453125 0.29375 0.153125